Ball[1]: 7
 05   16   45   56   70 
 11   25   37   54   71 
 04   20  FREE  46   74 
 14   21   41   59   68 
 01   17   35   51   72 

REACH: 0
BINGO: 0
--------------------
Ball[2]: 55
 05   16   45   56   70 
 11   25   37   54   71 
 04   20  FREE  46   74 
 14   21   41   59   68 
 01   17   35   51   72 

REACH: 0
BINGO: 0
--------------------
Ball[3]: 66
 05   16   45   56   70 
 11   25   37   54   71 
 04   20  FREE  46   74 
 14   21   41   59   68 
 01   17   35   51   72 

REACH: 0
BINGO: 0
--------------------
Ball[4]: 16
 05  (16)  45   56   70 
 11   25   37   54   71 
 04   20  FREE  46   74 
 14   21   41   59   68 
 01   17   35   51   72 

REACH: 0
BINGO: 0
--------------------
Ball[5]: 39
 05  (16)  45   56   70 
 11   25   37   54   71 
 04   20  FREE  46   74 
 14   21   41   59   68 
 01   17   35   51   72 

REACH: 0
BINGO: 0
--------------------
Ball[6]: 74
 05  (16)  45   56   70 
 11   25   37   54   71 
 04   20  FREE  46  (74)
 14   21   41   59   68 
 01   17   35   51   72 

REACH: 0
BINGO: 0
--------------------
Ball[7]: 59
 05  (16)  45   56   70 
 11   25   37   54   71 
 04   20  FREE  46  (74)
 14   21   41  (59)  68 
 01   17   35   51   72 

REACH: 0
BINGO: 0
--------------------
Ball[8]: 73
 05  (16)  45   56   70 
 11   25   37   54   71 
 04   20  FREE  46  (74)
 14   21   41  (59)  68 
 01   17   35   51   72 

REACH: 0
BINGO: 0
--------------------
Ball[9]: 27
 05  (16)  45   56   70 
 11   25   37   54   71 
 04   20  FREE  46  (74)
 14   21   41  (59)  68 
 01   17   35   51   72 

REACH: 0
BINGO: 0
--------------------
Ball[10]: 13
 05  (16)  45   56   70 
 11   25   37   54   71 
 04   20  FREE  46  (74)
 14   21   41  (59)  68 
 01   17   35   51   72 

REACH: 0
BINGO: 0
--------------------
Ball[11]: 63
 05  (16)  45   56   70 
 11   25   37   54   71 
 04   20  FREE  46  (74)
 14   21   41  (59)  68 
 01   17   35   51   72 

REACH: 0
BINGO: 0
--------------------
Ball[12]: 10
 05  (16)  45   56   70 
 11   25   37   54   71 
 04   20  FREE  46  (74)
 14   21   41  (59)  68 
 01   17   35   51   72 

REACH: 0
BINGO: 0
--------------------
Ball[13]: 23
 05  (16)  45   56   70 
 11   25   37   54   71 
 04   20  FREE  46  (74)
 14   21   41  (59)  68 
 01   17   35   51   72 

REACH: 0
BINGO: 0
--------------------
Ball[14]: 38
 05  (16)  45   56   70 
 11   25   37   54   71 
 04   20  FREE  46  (74)
 14   21   41  (59)  68 
 01   17   35   51   72 

REACH: 0
BINGO: 0
--------------------
Ball[15]: 44
 05  (16)  45   56   70 
 11   25   37   54   71 
 04   20  FREE  46  (74)
 14   21   41  (59)  68 
 01   17   35   51   72 

REACH: 0
BINGO: 0
--------------------
Ball[16]: 22
 05  (16)  45   56   70 
 11   25   37   54   71 
 04   20  FREE  46  (74)
 14   21   41  (59)  68 
 01   17   35   51   72 

REACH: 0
BINGO: 0
--------------------
Ball[17]: 57
 05  (16)  45   56   70 
 11   25   37   54   71 
 04   20  FREE  46  (74)
 14   21   41  (59)  68 
 01   17   35   51   72 

REACH: 0
BINGO: 0
--------------------
Ball[18]: 41
 05  (16)  45   56   70 
 11   25   37   54   71 
 04   20  FREE  46  (74)
 14   21  (41) (59)  68 
 01   17   35   51   72 

REACH: 0
BINGO: 0
--------------------
Ball[19]: 51
 05  (16)  45   56   70 
 11   25   37   54   71 
 04   20  FREE  46  (74)
 14   21  (41) (59)  68 
 01   17   35  (51)  72 

REACH: 0
BINGO: 0
--------------------
Ball[20]: 8
 05  (16)  45   56   70 
 11   25   37   54   71 
 04   20  FREE  46  (74)
 14   21  (41) (59)  68 
 01   17   35  (51)  72 

REACH: 0
BINGO: 0
--------------------
Ball[21]: 5
(05) (16)  45   56   70 
 11   25   37   54   71 
 04   20  FREE  46  (74)
 14   21  (41) (59)  68 
 01   17   35  (51)  72 

REACH: 0
BINGO: 0
--------------------
Ball[22]: 37
(05) (16)  45   56   70 
 11   25  (37)  54   71 
 04   20  FREE  46  (74)
 14   21  (41) (59)  68 
 01   17   35  (51)  72 

REACH: 0
BINGO: 0
--------------------
Ball[23]: 64
(05) (16)  45   56   70 
 11   25  (37)  54   71 
 04   20  FREE  46  (74)
 14   21  (41) (59)  68 
 01   17   35  (51)  72 

REACH: 0
BINGO: 0
--------------------
Ball[24]: 58
(05) (16)  45   56   70 
 11   25  (37)  54   71 
 04   20  FREE  46  (74)
 14   21  (41) (59)  68 
 01   17   35  (51)  72 

REACH: 0
BINGO: 0
--------------------
Ball[25]: 28
(05) (16)  45   56   70 
 11   25  (37)  54   71 
 04   20  FREE  46  (74)
 14   21  (41) (59)  68 
 01   17   35  (51)  72 

REACH: 0
BINGO: 0
--------------------
Ball[26]: 72
(05) (16)  45   56   70 
 11   25  (37)  54   71 
 04   20  FREE  46  (74)
 14   21  (41) (59)  68 
 01   17   35  (51) (72)

REACH: 1
BINGO: 0
--------------------
Ball[27]: 2
(05) (16)  45   56   70 
 11   25  (37)  54   71 
 04   20  FREE  46  (74)
 14   21  (41) (59)  68 
 01   17   35  (51) (72)

REACH: 1
BINGO: 0
--------------------
Ball[28]: 45
(05) (16) (45)  56   70 
 11   25  (37)  54   71 
 04   20  FREE  46  (74)
 14   21  (41) (59)  68 
 01   17   35  (51) (72)

REACH: 2
BINGO: 0
--------------------
Ball[29]: 24
(05) (16) (45)  56   70 
 11   25  (37)  54   71 
 04   20  FREE  46  (74)
 14   21  (41) (59)  68 
 01   17   35  (51) (72)

REACH: 2
BINGO: 0
--------------------
Ball[30]: 43
(05) (16) (45)  56   70 
 11   25  (37)  54   71 
 04   20  FREE  46  (74)
 14   21  (41) (59)  68 
 01   17   35  (51) (72)

REACH: 2
BINGO: 0
--------------------
Ball[31]: 56
(05) (16) (45) (56)  70 
 11   25  (37)  54   71 
 04   20  FREE  46  (74)
 14   21  (41) (59)  68 
 01   17   35  (51) (72)

REACH: 3
BINGO: 0
--------------------
Ball[32]: 67
(05) (16) (45) (56)  70 
 11   25  (37)  54   71 
 04   20  FREE  46  (74)
 14   21  (41) (59)  68 
 01   17   35  (51) (72)

REACH: 3
BINGO: 0
--------------------
Ball[33]: 46
(05) (16) (45) (56)  70 
 11   25  (37)  54   71 
 04   20  FREE (46) (74)
 14   21  (41) (59)  68 
 01   17   35  (51) (72)

REACH: 4
BINGO: 0
--------------------
Ball[34]: 75
(05) (16) (45) (56)  70 
 11   25  (37)  54   71 
 04   20  FREE (46) (74)
 14   21  (41) (59)  68 
 01   17   35  (51) (72)

REACH: 4
BINGO: 0
--------------------
Ball[35]: 42
(05) (16) (45) (56)  70 
 11   25  (37)  54   71 
 04   20  FREE (46) (74)
 14   21  (41) (59)  68 
 01   17   35  (51) (72)

REACH: 4
BINGO: 0
--------------------
Ball[36]: 71
(05) (16) (45) (56)  70 
 11   25  (37)  54  (71)
 04   20  FREE (46) (74)
 14   21  (41) (59)  68 
 01   17   35  (51) (72)

REACH: 4
BINGO: 0
--------------------
Ball[37]: 50
(05) (16) (45) (56)  70 
 11   25  (37)  54  (71)
 04   20  FREE (46) (74)
 14   21  (41) (59)  68 
 01   17   35  (51) (72)

REACH: 4
BINGO: 0
--------------------
Ball[38]: 54
(05) (16) (45) (56)  70 
 11   25  (37) (54) (71)
 04   20  FREE (46) (74)
 14   21  (41) (59)  68 
 01   17   35  (51) (72)

REACH: 3
BINGO: 1
--------------------
Ball[39]: 4
(05) (16) (45) (56)  70 
 11   25  (37) (54) (71)
(04)  20  FREE (46) (74)
 14   21  (41) (59)  68 
 01   17   35  (51) (72)

REACH: 4
BINGO: 1
--------------------
Ball[40]: 20
(05) (16) (45) (56)  70 
 11   25  (37) (54) (71)
(04) (20) FREE (46) (74)
 14   21  (41) (59)  68 
 01   17   35  (51) (72)

REACH: 3
BINGO: 2
--------------------
Ball[41]: 18
(05) (16) (45) (56)  70 
 11   25  (37) (54) (71)
(04) (20) FREE (46) (74)
 14   21  (41) (59)  68 
 01   17   35  (51) (72)

REACH: 3
BINGO: 2
--------------------
Ball[42]: 26
(05) (16) (45) (56)  70 
 11   25  (37) (54) (71)
(04) (20) FREE (46) (74)
 14   21  (41) (59)  68 
 01   17   35  (51) (72)

REACH: 3
BINGO: 2
--------------------
Ball[43]: 70
(05) (16) (45) (56) (70)
 11   25  (37) (54) (71)
(04) (20) FREE (46) (74)
 14   21  (41) (59)  68 
 01   17   35  (51) (72)

REACH: 3
BINGO: 3
--------------------
Ball[44]: 40
(05) (16) (45) (56) (70)
 11   25  (37) (54) (71)
(04) (20) FREE (46) (74)
 14   21  (41) (59)  68 
 01   17   35  (51) (72)

REACH: 3
BINGO: 3
--------------------
Ball[45]: 19
(05) (16) (45) (56) (70)
 11   25  (37) (54) (71)
(04) (20) FREE (46) (74)
 14   21  (41) (59)  68 
 01   17   35  (51) (72)

REACH: 3
BINGO: 3
--------------------
Ball[46]: 12
(05) (16) (45) (56) (70)
 11   25  (37) (54) (71)
(04) (20) FREE (46) (74)
 14   21  (41) (59)  68 
 01   17   35  (51) (72)

REACH: 3
BINGO: 3
--------------------
Ball[47]: 30
(05) (16) (45) (56) (70)
 11   25  (37) (54) (71)
(04) (20) FREE (46) (74)
 14   21  (41) (59)  68 
 01   17   35  (51) (72)

REACH: 3
BINGO: 3
--------------------
Ball[48]: 33
(05) (16) (45) (56) (70)
 11   25  (37) (54) (71)
(04) (20) FREE (46) (74)
 14   21  (41) (59)  68 
 01   17   35  (51) (72)

REACH: 3
BINGO: 3
--------------------
Ball[49]: 36
(05) (16) (45) (56) (70)
 11   25  (37) (54) (71)
(04) (20) FREE (46) (74)
 14   21  (41) (59)  68 
 01   17   35  (51) (72)

REACH: 3
BINGO: 3
--------------------
Ball[50]: 34
(05) (16) (45) (56) (70)
 11   25  (37) (54) (71)
(04) (20) FREE (46) (74)
 14   21  (41) (59)  68 
 01   17   35  (51) (72)

REACH: 3
BINGO: 3
--------------------
Ball[51]: 68
(05) (16) (45) (56) (70)
 11   25  (37) (54) (71)
(04) (20) FREE (46) (74)
 14   21  (41) (59) (68)
 01   17   35  (51) (72)

REACH: 2
BINGO: 4
--------------------
Ball[52]: 15
(05) (16) (45) (56) (70)
 11   25  (37) (54) (71)
(04) (20) FREE (46) (74)
 14   21  (41) (59) (68)
 01   17   35  (51) (72)

REACH: 2
BINGO: 4
--------------------
Ball[53]: 21
(05) (16) (45) (56) (70)
 11   25  (37) (54) (71)
(04) (20) FREE (46) (74)
 14  (21) (41) (59) (68)
 01   17   35  (51) (72)

REACH: 4
BINGO: 4
--------------------
Ball[54]: 9
(05) (16) (45) (56) (70)
 11   25  (37) (54) (71)
(04) (20) FREE (46) (74)
 14  (21) (41) (59) (68)
 01   17   35  (51) (72)

REACH: 4
BINGO: 4
--------------------
Ball[55]: 31
(05) (16) (45) (56) (70)
 11   25  (37) (54) (71)
(04) (20) FREE (46) (74)
 14  (21) (41) (59) (68)
 01   17   35  (51) (72)

REACH: 4
BINGO: 4
--------------------
Ball[56]: 65
(05) (16) (45) (56) (70)
 11   25  (37) (54) (71)
(04) (20) FREE (46) (74)
 14  (21) (41) (59) (68)
 01   17   35  (51) (72)

REACH: 4
BINGO: 4
--------------------
Ball[57]: 14
(05) (16) (45) (56) (70)
 11   25  (37) (54) (71)
(04) (20) FREE (46) (74)
(14) (21) (41) (59) (68)
 01   17   35  (51) (72)

REACH: 3
BINGO: 5
--------------------
Ball[58]: 1
(05) (16) (45) (56) (70)
 11   25  (37) (54) (71)
(04) (20) FREE (46) (74)
(14) (21) (41) (59) (68)
(01)  17   35  (51) (72)

REACH: 3
BINGO: 6
--------------------
Ball[59]: 3
(05) (16) (45) (56) (70)
 11   25  (37) (54) (71)
(04) (20) FREE (46) (74)
(14) (21) (41) (59) (68)
(01)  17   35  (51) (72)

REACH: 3
BINGO: 6
--------------------
Ball[60]: 35
(05) (16) (45) (56) (70)
 11   25  (37) (54) (71)
(04) (20) FREE (46) (74)
(14) (21) (41) (59) (68)
(01)  17  (35) (51) (72)

REACH: 3
BINGO: 7
--------------------
Ball[61]: 69
(05) (16) (45) (56) (70)
 11   25  (37) (54) (71)
(04) (20) FREE (46) (74)
(14) (21) (41) (59) (68)
(01)  17  (35) (51) (72)

REACH: 3
BINGO: 7
--------------------
Ball[62]: 53
(05) (16) (45) (56) (70)
 11   25  (37) (54) (71)
(04) (20) FREE (46) (74)
(14) (21) (41) (59) (68)
(01)  17  (35) (51) (72)

REACH: 3
BINGO: 7
--------------------
Ball[63]: 47
(05) (16) (45) (56) (70)
 11   25  (37) (54) (71)
(04) (20) FREE (46) (74)
(14) (21) (41) (59) (68)
(01)  17  (35) (51) (72)

REACH: 3
BINGO: 7
--------------------
Ball[64]: 61
(05) (16) (45) (56) (70)
 11   25  (37) (54) (71)
(04) (20) FREE (46) (74)
(14) (21) (41) (59) (68)
(01)  17  (35) (51) (72)

REACH: 3
BINGO: 7
--------------------
Ball[65]: 48
(05) (16) (45) (56) (70)
 11   25  (37) (54) (71)
(04) (20) FREE (46) (74)
(14) (21) (41) (59) (68)
(01)  17  (35) (51) (72)

REACH: 3
BINGO: 7
--------------------
Ball[66]: 29
(05) (16) (45) (56) (70)
 11   25  (37) (54) (71)
(04) (20) FREE (46) (74)
(14) (21) (41) (59) (68)
(01)  17  (35) (51) (72)

REACH: 3
BINGO: 7
--------------------
Ball[67]: 52
(05) (16) (45) (56) (70)
 11   25  (37) (54) (71)
(04) (20) FREE (46) (74)
(14) (21) (41) (59) (68)
(01)  17  (35) (51) (72)

REACH: 3
BINGO: 7
--------------------
Ball[68]: 11
(05) (16) (45) (56) (70)
(11)  25  (37) (54) (71)
(04) (20) FREE (46) (74)
(14) (21) (41) (59) (68)
(01)  17  (35) (51) (72)

REACH: 3
BINGO: 8
--------------------
Ball[69]: 49
(05) (16) (45) (56) (70)
(11)  25  (37) (54) (71)
(04) (20) FREE (46) (74)
(14) (21) (41) (59) (68)
(01)  17  (35) (51) (72)

REACH: 3
BINGO: 8
--------------------
Ball[70]: 60
(05) (16) (45) (56) (70)
(11)  25  (37) (54) (71)
(04) (20) FREE (46) (74)
(14) (21) (41) (59) (68)
(01)  17  (35) (51) (72)

REACH: 3
BINGO: 8
--------------------
Ball[71]: 25
(05) (16) (45) (56) (70)
(11) (25) (37) (54) (71)
(04) (20) FREE (46) (74)
(14) (21) (41) (59) (68)
(01)  17  (35) (51) (72)

REACH: 2
BINGO: 10
--------------------
Ball[72]: 6
(05) (16) (45) (56) (70)
(11) (25) (37) (54) (71)
(04) (20) FREE (46) (74)
(14) (21) (41) (59) (68)
(01)  17  (35) (51) (72)

REACH: 2
BINGO: 10
--------------------
Ball[73]: 17
(05) (16) (45) (56) (70)
(11) (25) (37) (54) (71)
(04) (20) FREE (46) (74)
(14) (21) (41) (59) (68)
(01) (17) (35) (51) (72)

REACH: 0
BINGO: 12
--------------------
